666 1513 1111106113. 666

161616616 6611166, 666666666666166 61616666 1666. 061 66666 iay 61616616 66 666666666661,
passe, 61666116616611 1666 166111611161· 66 6661611 16 66 11666 6166 6666616 6661166 661661666166·
01 661666 nous 6616166166 1611616166661616161) 1616 11616 nous 66 6661666 1611111 6 6666 innitor,
66666116 Dion. 06611666 6666 66666 16, 616666 quelque bonno 61166666 666 6666 61666. Ε1 66666
661666 6 6661616. 1666616666 6666 66611611 61611 66611661 6166 666 6666 666666 66666166 66 6666
6616161661166 6611666166 666666666, 66166661 mosmos, 6666 sommas ioienx 666 666 6616 nous
bion 661116. Ainsi 66 6666 166661666 point 66 6666 11666661 166616 66616666161111161. 116 sommo 16
66116 6616666, 61661611 point attendo 66 661116 1616 os 666 16 6661161616 666116 16161 661666, 61
11166, 166666 6 oo 666 16111 16 66666 666661661661 1661616 66 161116 1166, 6166 666616 666 666 116 16
nous. 11166661 6616166661 66 1666116116 666 6661 6166166 66166116 66616 66 161 666616611 procede.
66616 consideration. 061661166661 16 1616 666 1166· Sur 66, 616661661, 66166 mestre humblomont
1616 66666. 66661666 6616166661 66616 seigneur rooommondo 6 166116 bonno grass 61 6 cello 66
6616 66 16 116 61116 66 666 ogliso. Mais 666 6666666 Μ66666166116, 16 6666116 666116 bon 11166 66 ss
61116 66166 6611 661 6666116, 61 666 oolluy 661 s 6166 66661161 166616616 166116 6161661661 61166661661
66 61666, 6666116 16 6116616 661 6611166. Cestos 166166 166 machinatione do sathan, 6 66 6666661
661166616611666661,666616116661666661666661- 616166 666616666 66 luy vous 66166 661116 666616
1661 6166 obligo 66 6661116166 11616 666 66666666 666 glorifior son nom, 61 66111666166611666 16116-
66611166 666 666116 seignour vous 666616666616 666166 666616666 6661666 66 66166 66666 6616
1666116, 1666 6 aussi 6666 66 1166 6661 11 66 1666 6161616 666 666666 ny 6616666 66 616161 66116 16-
661116116 661666116166 6111616. Ε16616161666616 1661, 6616 666 1666 16 6666111166, affin quil 6611
6666 homme sest 666 1616 161116 66 66616 666666 Ι 166116 6616666166661111661166.’)

6616 666111116 6616166116, 66 plustost 66 6 6616 66- V . . .
11116 661 16 6616 66 Dion, sil luy 6611661 66 sy ⁰⁸⁸¹* ΜΗΘ Μ ⁰t mmmm ⁸ mmmm
6616166661 66 166661, 61 6661666661 66161166116 charles despeville,
666016616161611666666, 11661 1661 6666116 quant

11 so 116616 66 666 666166166 6661 11 66 luy 661

66661616 66 soi-tir. 16 616 oooy non pos 66616 de 3111611119 1191111111 ¹1⁴ coste ome ²². paruit 9¹⁴0 Μ·
61616666 6611 1666 66116666, 66 666 16 661116 66 α m wdofflffless wax {wa glum

*m* 66116611θο dom -· soom mignonus 61666116 16 611-

mitond hasard aur 1611111116 616 6666660611 611161

2) 66116 Amoe- Rs, 1661 0. 11 6661161611 de 61. Bomoi.

 

