s ’ 8188 [ΔΝ. ’ 8

81 181818 8888881818888 18 lovengile, et 888 81888 permis ne tenu 88888, 888 88 88888188188888881
il ns trent 88 reputo Feret 81 188 8811888 888 888 8 levsngile il ω ¹⁰) pouroit subsistet. Deultrepert le
obtentione 81 1888 8818181888 1881 18 present que (18 18888 88188 8811 8811 88 1888 etque 1888 888118
paese 88188181118811) 881881 888 181881 oe quest bon 88888118 grnndement esmeu.

posse 18888118888188118888818118181888 888818 A 88 181 88888818 8888 881811 grendemont
de Lousonns 8118 Β8888 81 888 1818 prooedure iouyeux 18 188 81 18 88 88888, 881881 888188 sei-
on 8881888 point mention. Et touchant oola 888 88888811818818888811888188181818111881188
8818 18181 81 1181 88818888 81 818888 81881188- 1188, 81 888 888 88888188 8881811 888 8818188818
8881, 888 18 18881188881 ot les gens 8888 881 8811) pour 88818 888 ung tel trouble, 888 888 8 81888-
888888881188888888881 81 eontrsingnoient 8 beau· 888117) 88 1881818811 18 divinite de 1888818181 81
1111111811111111111 111111 lt 111111111111111111 tuttelstet
possible 88188 18 lieu 81 18 18888, 8888818811818811- 188 laquelle on 88811 88881888, 8811 88 88 1818811
1881188 18 18188 88 18888 Christ et mesmes 8811) eombatre sinsy: 888 88 888888888881 18 18 888·
sermon 8811 11 8 Μ881881188 188881 18 8188881188 1188118818 levsngile 88 regurdoit 8818 88881811 8188
18188888,8881188818888888888188118881188818881 dedifioution 81 88888 18 888818 8888811 8188 188118-
181188881 188 81888881888 18 888118 8888 888811 8881 eomprendre: 888 88181 8888 881881881 188
888818 888 888 1888 88 888881811 81 8888188811 18 8818, 88 8888 188 8881888881, 88 eeulx quen
188 881818, sommo 888 18 188 88 1888818181 88 8888881, 88 888 188818 8818181, 81 ee 8888 8 888-
8818111881118. Α 88888 8811 88 8881888811 88181 fesso estre utile 81 8888888118 188 8888 8881 ¹⁸)
1881 oe 8888 enseignsyei 11 1881 18881 18 88888188 8888 8818818818 8818 81 88888818 81 8888 8818818818
18 1188888. Et apres 8 88888188 88 Avignon tent 888 eglise 88881881188, 81888 8888 les 8818188
88888881 8811 8 888. Dent 88818 881 888881 18- 88 88 oombute 8818181 888188888 88888188 88181
vangile desqueulx y 8 grand nombre 18 8881818 1881188 8 888881888818 81888818818811188881188
88188881 8888188881 88888188 81 leur 1818811 18818 88 881888 88188188 188 8888 1881188. Et 8888181818
8881818888 mesmes eulx prisonniers: 88888 888 88818188 8888 88 888888 88 8819) 18 reieotion 88
88881 11 88811 18181 8 Ι1888, 81888881881 8818888 888881188, 8818 oe que 118888 18 8888 18 118 8118
seoretement 81881881 8888 eulx 81 8888 leur desli- 881881 8888811 881 88118881 pour ung 88881188 888188
888888. Surqnoy 81888 quil 88818888 18 188 88888 88888 18 confession 18 le divinite 18 1888818181.
81888, il 8818 8 tous quon 188 88818888. Queut 1111888188818811181181888818181881 estIeovsh
est 18 88 18888 il 88818888 888 8818 88881 88 18 8818188818888 88 8818818 888, 18 88 88 regards
supplioetion 8818811818181888188818118818811) point 18 888 18 18 88888888, 8818 18 divinite et
8 818, 881818118181 18 18888, 818811 188811 811888 essenos. Or 118888 nous 18 Ι)188 8811 881 suns 18
etque 88 18 1818 888 881 18181 8818888 mention, et 8888 888888888881 81 8811 881 18 888 88888
8188888 es 8888818888 11 88 88811 ung grant 8888- 81 888 1881 vient de 188 81188 denully. 11888
8818 81 grand regrst en son 88888 188188 88 1818 88881 88 88881188818888181818188188888188888
81 88 long temps sopore de 88 188818 1888811811 Ι)188, 1881 oe 888 8888818 8 Ι)188 18 881 utribus:
88 188818 81118, 8818 18 888 8888818 188 8 8881818, os 8888888888118881188881. “ quantun
81 188818 8811 8811888 18 8888188 8 888888 8188 88881188818 personne 18 1888818181 888 8818181-
18 8881188 vings 88888, 81 888118811 888 ludite sup- soluemout 88 88 divinite 8818 88888 118 18 Ι)188,
811881188 88881 188818 8818 181818, 8188 88 18888888 88 111 8811 881 8188881188881 18 8888 818 88888188
88181 quil 888 88818 888188 18881881 8818118 88- 18881188, nomme 88888 8 8818 1881888, 81 11881888-
riogs quil 88 8811118118 8 tous et 8811 88811 81888 8188 888 88188188 quent 8888188 88818 1881818 8818118-
881881188 88188188881, 818888881888188888888 8881888 88881, 81 Dieu vuoille quon 88 8118 iis-¹
qui 18 88811) 18 88818 18 88818888 8888 81888 88 881888 tolle 88818 88888188 811) 8 8888818, 8818
oe 881881 88181 18 mariage 81 8888 garder 18 188 88 18888 8188811188 88188181188, 888888888181-
88118 promise 8 88 pertis et 88888 8888 18 liberte 8888 les unge envers les 8811888 88 1881881 181188
evangelioque quest 888 88 levsngile est presehee 88188188 lung leultre 88888 888811881 81 18 1188
8888881 81 8881888 881 18881118 18 8188888188 811188188 eglisss.

1188888118 etque 88 188888 811888 11 8 8818 8881 Δ 8811 respondit 88881 881811 18 Ι88881 8811

..ι-ι-μ--ο--ι-

11) 111. 81881881188 Β. le) 88 S.

11) 11 fast tm 8888 doute: en. l‘l) 88888188881 S.

11) en S. 181 88818881.

{3315ss ts ' {ffle'yestsddiret 88 e.
8888 . 8 .

 

